0.00070551837013521
0.00045458294528194
0.00041004915344292
0.00038292158994067
0.00036482819868975
0.00035442918854052
0.00034321608833496
0.00033499841616363
0.00032980659930734
0.0003247409491351
0.00031883081136661
0.00031748699790907
0.00031479836579563
0.000311624475953
0.00030872425962024
0.00030573411237243
0.00030338491337674
0.00030124827284868
0.00030268732004288
0.00029973718133826
0.00029804762838426
0.00029563693739236
0.00029502553190524
0.00029542466306434
0.00029422677930775
0.00029314356131399
0.00029187312515081
0.00029070948722031
0.00029148276492293
0.00028980854188774
0.0002878122147922
0.00028685803286535
0.00028589181635215
0.00028566389389573
0.00028487192416777
0.00028510089866746
0.00028429643015576
0.00028302725504345
0.00028424072546783
0.00028149116607602
0.00028266732854624
0.0002815522977377
0.00028451949800443
0.00028277886058664
0.00028325909119344
0.00028036944906146
0.00028263577269357
0.0002805591969796
0.00028068671561654
0.00027969949691712
0.00027982857592805
0.00027894041337725
0.00027804300647495
0.0002772537697776
0.0002761762994411
0.00027609145608539
0.0002782061791477
0.00027682724111911
0.00028017079347327
0.0002748518310646
0.00027762702852633
0.00027609927081312
0.00027577094756459
0.00027625508694666
0.00027439462746274
0.00027443479557219
0.00027541209435436
0.00027503201900059
0.0002750860343728
0.00027455503948984
0.00027535964142209
0.00027455895143871
0.00027305285928746
0.00027541247609789
0.00027332360687297
0.00027282925869697
0.00027230422689842
0.00027168906353787
0.00027253170991003
0.00027183690902865
0.00027244209135282
0.00027273546532379
0.00027115954437297
0.0002726264637664
0.00027103432814958
0.00027317253379571
0.00027355857388292
0.00027100011259176
0.00027156195574596
0.00027031908871823
0.0002701215021482
0.00027063140411716
0.00027013351410861
0.00026999399559741
0.00026998909498132
0.00026940575678033
0.00026945377081996
0.00026804948039069
0.0002674995827713
0.00027101326693274
0.0002695335510527
0.00026819429585504
0.00027006138210365
0.00026926424530624
0.00026876337211929
0.00026901267357743
0.00027028670647615
0.00026838995287129
0.00026977244212645
0.0002676508364835
0.00026925068875819
0.00026609648536456
0.00026868075103036
0.00026812944438141
0.00026760733106638
0.00026728697453407
0.00026675649286359
0.00026802271716983
0.00026677938931745
0.00026704194306625
0.00026841697481489
0.00026667437877371
0.00026703888821959
0.00026774465767241
0.00026550138688564
0.00026768226808446
0.00026766041036417
0.00026478531113686
0.00026702293587776
0.00026895530267575
0.00026472831392648
0.00026758040227588
0.00026670586877446
0.00026503323330049
0.00026668985645226
0.0002651266336514
0.00026560441599259
0.0002651417653027
0.00026503241098816
0.00026605665468367
0.00026721450017096
0.00026600707757249
0.000266838422791
0.00026665999640681
0.00026540038128208
0.00026722623018218
