27.355521517435
27.795940701685
28.049837097644
27.974524268556
28.393628541578
28.091649533641
28.569208335274
28.749986036181
28.632582015204
28.726468269336
28.411671553237
28.421678315347
29.089977268843
29.092296641824
29.117379226364
28.806652078918
29.247312308007
29.256033081666
29.16316720719
28.917184283846
29.363815450531
29.324829462704
29.513105500858
29.493363727911
29.53686114206
29.573848659974
29.565021067619
29.499077391269
29.588751102264
29.214299892088
29.659605056755
29.517314895335
29.551999361633
29.598302086905
29.634163931241
29.55838660645
29.683119038524
29.346982892464
29.624374478777
29.722250395322
29.587650118376
29.729605520347
28.738570700325
29.48282416162
29.765462171438
29.813093620465
29.744458378263
29.827775179365
29.444705986844
29.847519708887
29.836109868799
29.921543599237
29.88880821095
29.878823963132
29.908763690667
29.889816386524
29.905922931702
29.82644532573
29.945117790312
29.901156393261
29.946534093816
29.984469187106
29.883869108473
29.947349327992
29.913594673125
30.001443189833
29.792167913309
29.95367767906
29.950973577178
29.999749268717
29.968633403011
29.983438770351
30.021754866191
30.053294265627
29.94619627868
29.993624679428
29.949109301058
30.043191413879
30.030524470941
30.053877928456
30.056592659195
30.071400240966
30.001292689309
29.981514487455
29.911917214662
29.957069658129
29.927265949749
30.034472459688
30.100486895982
30.086641711741
29.979988433092
30.070949104599
30.113438615618
30.038602126263
30.096836172164
30.023831812222
30.014284329384
30.107805110995
30.121046298775
30.102825913069
30.14158130659
30.116805078491
30.124642690183
29.606650443289
30.124248958467
30.158024312355
30.157593631989
30.13144554567
30.197863614137
30.192105977242
30.1813767863
30.146845231198
30.102965434128
30.156208081056
30.214929201649
30.150835238942
30.159337661321
30.143883278337
30.168848858554
30.193629396299
30.175509946679
30.200665641709
30.167602568115
29.79726800694
30.183443165903
30.200736170684
30.149687860959
30.207434564802
30.211663177783
30.140220364488
30.177479747383
30.046472152371
30.117037653927
30.198019268535
30.122438326466
30.177280675595
30.172229670858
30.111467191677
30.083575049032
30.154866549528
30.17332434126
30.073989834023
30.192477453207
30.206707234102
