0.00081346856816245
0.0004924938302713
0.00042730138397282
0.00039882402910601
0.00038031769551121
0.00036688891051721
0.00035668273290166
0.00035160483680738
0.000343502415849
0.00033847208840447
0.00033371211096499
0.00032926347389635
0.00032482157437612
0.00032427716715826
0.00031991016217724
0.00031637955419284
0.00031235056781077
0.00030956670637649
0.00031056026901556
0.00030732575670498
0.00030426035710014
0.00076688173448941
0.00040148583927522
0.0003554657727292
0.00033902998177234
0.00032879583940185
0.00031947655153611
0.0003149273675316
0.00030887527039449
0.00030633646827253
0.00030412597970172
0.00030285837548919
0.00029850139444501
0.0010710331991412
0.00039843061789502
0.0003518834688816
0.00033232917432322
0.00032257576267622
0.00031244185409618
0.00030536833571594
0.00030167101213103
0.00029963113800602
0.00029729872497825
0.00029602286936386
0.00029420915669144
0.00029080103179288
0.00028947820299205
0.00028867516072595
0.00028852776069429
0.00028808882242572
0.00028776041472506
0.00028595357104474
0.00028418723307082
0.00028292608867188
0.0010978562220128
0.00043684222219268
0.00036915744877649
0.00035168767960145
0.00033897872843655
376.76778408766
165.24871828986
0.00089492360947872
0.00038354561588508
0.00034237120258578
0.00032577568175668
0.00031538347127453
0.00030735004058222
0.00030242413933195
0.00029824641480163
0.00029555340404816
0.00029141061711994
0.0002899416593554
0.00028824350764801
0.00028804466458918
0.00028379642196458
0.00028302788913608
0.00028053511334443
0.00028223328893515
0.00028004188557257
0.00027982863484277
0.00027693727114097
0.0002788469861666
0.00027703621045112
0.00027656590615155
0.000276931648642
0.00027680777750857
0.00027347556587468
0.00027318353573201
0.00027566303864462
0.00027344255592141
0.00027321198792323
0.00027278047223207
0.00027217124280388
0.00027193226531393
0.00027044336877619
0.00086590028735297
0.00036377669645288
0.00033064547212861
0.000315689798467
0.00030407712003387
0.00029737161575342
0.00029313807937775
0.00028907210316515
0.00028834494704845
0.00028774149795633
0.00028804807888713
0.00028442071606
0.00028387599734808
0.00028230251496783
0.00028194317082414
0.00027992469217676
0.00027740498061268
0.00027847911881417
0.00027836903440309
0.00027662055944883
0.00027700238127901
0.00027765615725754
0.0002768243338
0.00027469456357586
0.00027445700729418
0.00027666177505582
0.00027585896942169
0.00027271135224876
0.00027175385047529
0.00027240447939603
0.00027170429058597
0.00027242856532817
0.00027039877084533
0.00027221140282374
0.00027081510085143
0.00027042558352854
0.00026951527853369
0.00026911613883152
0.00026979743112519
0.00026920297558182
0.00026992487812109
0.0002680911348661
0.00026829370704534
0.00026763445601138
0.00026770525588021
0.00026632033809918
0.00026654707963205
0.0002678889713796
0.00026695588115254
0.00026707914806646
0.00026517947867797
0.00026627797776331
0.00026558522248622
0.00026633106396213
0.00026600555066992
0.00026740849496848
0.00026687958382752
0.00026391962113645
0.00026530529425896
0.00026373166423876
0.00026418470554949
0.00026424042544429
0.00026437219715614
0.00026357440358805
0.00026290877386968
0.0002621706145908
0.00026303286340941
0.00026283416045243
0.00026421058978037
0.00026427768681955
0.00026357535047529
0.00026171149471764
0.00026266313173635
0.00026146498731473
0.00026278445834902
0.00026333020787371
0.00026217073558062
0.00026322422707395
0.00026045058943666
0.00026027026208837
0.00026237987561878
0.00026427424607878
0.00026174634067333
0.00026114875325647
0.00026249323390392
0.0002620335920862
0.00026151744211694
0.00026105051952441
0.0002604133624429
0.00026024322935528
0.00026050024567408
0.00026225661164861
0.00026082690924509
0.00026008226614055
0.00026076390097206
0.00026009843811456
0.00025944242758397
0.00025957077186786
0.00025829641265559
0.00025955389783317
0.0002608522587872
0.00025805794821905
0.00025841110647954
0.00025905098411426
0.00026029401143863
0.0002589280206686
0.00025992338504681
0.00025839717754077
0.00025938721625481
0.00026137216059071
0.00025856997394545
0.00026054395285629
0.00026006960364427
0.00026002993284233
0.00025981566750148
0.00025923210721771
0.00025741082157865
0.00025908478019531
0.0002585662666397
0.00026099117491422
0.00025784320612952
0.00025703427842889
0.00025829506531182
0.00025747966973369
0.00025641170671575
0.00025729770710887
0.00025970124648976
0.00025845792003984
0.00025773569956518
0.00025601837664522
0.00025669455400836
0.00025734253506935
0.00025638862218803
0.0002569367621705
0.00025817061272017
0.00025654783887502
0.00025599539660886
0.00025802072787897
0.00025912715702926
0.00025566242833812
0.00025712030746855
0.00025557483322053
0.0002576312384208
0.00025774951707228
0.00025806759684046
0.0002597050563022
0.00025785783675794
0.00025896857460292
0.00025540759281999
0.00025848632346253
0.00025701433842669
0.00025749885206787
0.00025548905755126
0.00025660375703693
0.00025798504537484
0.00025648423406058
0.00025795889736444
0.00025556545520578
0.00025524946452767
0.00025616833510162
0.00025664275448338
0.00025588544790831
0.00025559378988257
0.00025663795807473
0.00025527390964624
0.00025573334266755
0.00025507461802314
0.00025635718622803
0.00025557080727854
0.00025529842628178
0.00025647971173167
0.00025541140787588
0.00025375551894866
0.00025493623594122
0.00025445559734563
0.00025640179893327
0.0002543907058628
0.00025536741292426
0.00025499635334305
0.00025577816026948
0.00025510183215346
0.00025588766533535
0.00025506864273357
0.00025373389354797
0.00025424637998857
0.00025609509587544
0.00025538791449403
0.00025665854675881
0.00025345646205343
0.00025361426450396
0.0002548020134622
0.00025298642451291
0.0002537084431622
0.00025531235154213
0.00025621510023954
0.0002566437935942
0.00025457400515547
0.00025563301970579
0.00025418222693726
0.000255702859205
0.00025329738190927
0.00025539505544739
0.00025374214118584
0.00025415917490244
0.00025428941323462
0.00025546119725617
0.00025354239889519
0.00025353879843026
0.00025497999911268
0.00025528618849755
0.0002541554524606
0.00025372858128256
0.00025320496947263
0.00025362741810754
0.00025413330467353
0.00025319741151721
0.00025490653334278
0.00025194343796186
0.0002536743692172
0.00025458653349574
0.00025443615397733
0.00025650238993481
0.00025432796702111
0.00025175712543371
0.00025450116035168
0.000252522827504
0.00025354738363049
0.0002532441672222
0.00025334208071723
0.00025225599767631
0.00025356584355442
