30.779840977713
31.445170443925
25.262595391057
29.197871368077
31.533021992659
29.380836829191
24.504895175533
27.989455295596
29.759044567322
31.452371917295
31.551452319161
29.838982507444
31.629496087723
27.823198019206
31.512542734601
31.558761952401
31.077693924938
31.526841361971
31.105718831418
30.678423472346
26.500239555605
31.397679293236
31.554724232034
19.996383421322
23.928386118211
18.469326199733
15.065687294875
18.585989389292
18.722320640326
22.295546860443
17.266904679266
18.851646758049
18.498624089728
25.16631527058
26.218813557557
28.747820383141
26.781122023751
27.503140668493
25.519389404859
24.947315033032
25.623949681513
25.340537149179
26.74764179552
26.216909508689
26.281350483571
23.626358071312
25.204697864389
26.829116422542
26.676980965883
20.306389825929
22.700070972485
25.126294172142
21.716392865083
26.538326136224
27.922178617801
26.64670718888
26.863115318404
25.236452915792
27.14180357879
26.65735319093
25.888779113897
25.613970231378
27.966837871815
26.972493632336
25.511284272689
25.827538417746
27.384545867497
25.667218091117
22.759174436173
17.998619219189
20.949872140536
26.853612262057
28.148806464584
26.712933482029
25.594972830426
27.00975915455
27.153533718269
27.233826974165
27.266462334627
26.462222751312
27.616838790376
21.38140436883
21.045073492942
23.771185135433
26.496837368269
25.284963234481
17.539449491132
19.371880860442
20.843280677212
20.262816894541
16.991387962287
21.282418857513
23.962964467059
18.804992990061
18.255879183521
18.894133059189
31.358175578949
30.609815726906
31.692408216512
31.720832261573
31.707985036418
31.632308867705
14.346632811589
21.544105179671
30.417495209761
31.390706836338
31.452754072977
23.134407982644
30.183863677129
26.773477385162
31.618454185002
30.764592722085
24.949334970931
31.683313230798
29.258577953649
21.374573845111
13.87489524356
29.705776267645
22.49755173468
23.03594376866
26.085559288883
19.829630479108
27.100262883523
31.697024159101
31.786412914457
31.766990896841
31.726950224199
31.736949909191
31.796134920268
31.825607681188
31.843210413912
31.851489508357
31.838454245606
